19860912111
19860912112
19860912113
19860912114
19860912115
19860912116
19860912117
19860912118
19860912119
19860912110
19860912121
19860912122
19860912123
19860912124
19860912125
19860912126
19860912127
19860912128
19860912129
19860912120
19860912131
19860912132
19860912133
19860912134
19860912135
19860912136
19860912137
19860912138
19860912139
19860912130
19860912141
19860912142
19860912143
19860912144
19860912145
19860912146
19860912147
19860912148
19860912149
19860912140
19860912151
19860912152
19860912153
19860912154
19860912155
19860912156
19860912157
19860912158
19860912159
19860912150
19860912161
19860912162
19860912163
19860912164
19860912165
19860912166
19860912167
19860912168
19860912169
19860912160
19860912171
19860912172
19860912173
19860912174
19860912175
19860912176
19860912177
19860912178
19860912179
19860912170
19860912181
19860912182
19860912183
19860912184
19860912185
19860912186
19860912187
19860912188
19860912189
19860912180
19860912191
19860912192
19860912193
19860912194
19860912195
19860912196
19860912197
19860912198
19860912199
19860912190
19860912101
19860912102
19860912103
19860912104
19860912105
19860912106
19860912107
19860912108
19860912109
19860912100
19860912211
19860912212
19860912213
19860912214
19860912215
19860912216
19860912217
19860912218
19860912219
19860912210
19860912221
19860912222
19860912223
19860912224
19860912225
19860912226
19860912227
19860912228
19860912229
19860912220
19860912231
19860912232
19860912233
19860912234
19860912235
19860912236
19860912237
19860912238
19860912239
19860912230
19860912241
19860912242
19860912243
19860912244
19860912245
19860912246
19860912247
19860912248
19860912249
19860912240
19860912251
19860912252
19860912253
19860912254
19860912255
19860912256
19860912257
19860912258
19860912259
19860912250
19860912261
19860912262
19860912263
19860912264
19860912265
19860912266
19860912267
19860912268
19860912269
19860912260
19860912271
19860912272
19860912273
19860912274
19860912275
19860912276
19860912277
19860912278
19860912279
19860912270
19860912281
19860912282
19860912283
19860912284
19860912285
19860912286
19860912287
19860912288
19860912289
19860912280
19860912291
19860912292
19860912293
19860912294
19860912295
19860912296
19860912297
19860912298
19860912299
19860912290
19860912201
19860912202
19860912203
19860912204
19860912205
19860912206
19860912207
19860912208
19860912209
19860912200
19860912311
19860912312
19860912313
19860912314
19860912315
19860912316
19860912317
19860912318
19860912319
19860912310
19860912321
19860912322
19860912323
19860912324
19860912325
19860912326
19860912327
19860912328
19860912329
19860912320
19860912331
19860912332
19860912333
19860912334
19860912335
19860912336
19860912337
19860912338
19860912339
19860912330
19860912341
19860912342
19860912343
19860912344
19860912345
19860912346
19860912347
19860912348
19860912349
19860912340
19860912351
19860912352
19860912353
19860912354
19860912355
19860912356
19860912357
19860912358
19860912359
19860912350
19860912361
19860912362
19860912363
19860912364
19860912365
19860912366
19860912367
19860912368
19860912369
19860912360
19860912371
19860912372
19860912373
19860912374
19860912375
19860912376
19860912377
19860912378
19860912379
19860912370
19860912381
19860912382
19860912383
19860912384
19860912385
19860912386
19860912387
19860912388
19860912389
19860912380
19860912391
19860912392
19860912393
19860912394
19860912395
19860912396
19860912397
19860912398
19860912399
19860912390
19860912301
19860912302
19860912303
19860912304
19860912305
19860912306
19860912307
19860912308
19860912309
19860912300
19860912411
19860912412
19860912413
19860912414
19860912415
19860912416
19860912417
19860912418
19860912419
19860912410
19860912421
19860912422
19860912423
19860912424
19860912425
19860912426
19860912427
19860912428
19860912429
19860912420
19860912431
19860912432
19860912433
19860912434
19860912435
19860912436
19860912437
19860912438
19860912439
19860912430
19860912441
19860912442
19860912443
19860912444
19860912445
19860912446
19860912447
19860912448
19860912449
19860912440
19860912451
19860912452
19860912453
19860912454
19860912455
19860912456
19860912457
19860912458
19860912459
19860912450
19860912461
19860912462
19860912463
19860912464
19860912465
19860912466
19860912467
19860912468
19860912469
19860912460
19860912471
19860912472
19860912473
19860912474
19860912475
19860912476
19860912477
19860912478
19860912479
19860912470
19860912481
19860912482
19860912483
19860912484
19860912485
19860912486
19860912487
19860912488
19860912489
19860912480
19860912491
19860912492
19860912493
19860912494
19860912495
19860912496
19860912497
19860912498
19860912499
19860912490
19860912401
19860912402
19860912403
19860912404
19860912405
19860912406
19860912407
19860912408
19860912409
19860912400
19860912511
19860912512
19860912513
19860912514
19860912515
19860912516
19860912517
19860912518
19860912519
19860912510
19860912521
19860912522
19860912523
19860912524
19860912525
19860912526
19860912527
19860912528
19860912529
19860912520
19860912531
19860912532
19860912533
19860912534
19860912535
19860912536
19860912537
19860912538
19860912539
19860912530
19860912541
19860912542
19860912543
19860912544
19860912545
19860912546
19860912547
19860912548
19860912549
19860912540
19860912551
19860912552
19860912553
19860912554
19860912555
19860912556
19860912557
19860912558
19860912559
19860912550
19860912561
19860912562
19860912563
19860912564
19860912565
19860912566
19860912567
19860912568
19860912569
19860912560
19860912571
19860912572
19860912573
19860912574
19860912575
19860912576
19860912577
19860912578
19860912579
19860912570
19860912581
19860912582
19860912583
19860912584
19860912585
19860912586
19860912587
19860912588
19860912589
19860912580
19860912591
19860912592
19860912593
19860912594
19860912595
19860912596
19860912597
19860912598
19860912599
19860912590
19860912501
19860912502
19860912503
19860912504
19860912505
19860912506
19860912507
19860912508
19860912509
19860912500
19860912611
19860912612
19860912613
19860912614
19860912615
19860912616
19860912617
19860912618
19860912619
19860912610
19860912621
19860912622
19860912623
19860912624
19860912625
19860912626
19860912627
19860912628
19860912629
19860912620
19860912631
19860912632
19860912633
19860912634
19860912635
19860912636
19860912637
19860912638
19860912639
19860912630
19860912641
19860912642
19860912643
19860912644
19860912645
19860912646
19860912647
19860912648
19860912649
19860912640
19860912651
19860912652
19860912653
19860912654
19860912655
19860912656
19860912657
19860912658
19860912659
19860912650
19860912661
19860912662
19860912663
19860912664
19860912665
19860912666
19860912667
19860912668
19860912669
19860912660
19860912671
19860912672
19860912673
19860912674
19860912675
19860912676
19860912677
19860912678
19860912679
19860912670
19860912681
19860912682
19860912683
19860912684
19860912685
19860912686
19860912687
19860912688
19860912689
19860912680
19860912691
19860912692
19860912693
19860912694
19860912695
19860912696
19860912697
19860912698
19860912699
19860912690
19860912601
19860912602
19860912603
19860912604
19860912605
19860912606
19860912607
19860912608
19860912609
19860912600
19860912711
19860912712
19860912713
19860912714
19860912715
19860912716
19860912717
19860912718
19860912719
19860912710
19860912721
19860912722
19860912723
19860912724
19860912725
19860912726
19860912727
19860912728
19860912729
19860912720
19860912731
19860912732
19860912733
19860912734
19860912735
19860912736
19860912737
19860912738
19860912739
19860912730
19860912741
19860912742
19860912743
19860912744
19860912745
19860912746
19860912747
19860912748
19860912749
19860912740
19860912751
19860912752
19860912753
19860912754
19860912755
19860912756
19860912757
19860912758
19860912759
19860912750
19860912761
19860912762
19860912763
19860912764
19860912765
19860912766
19860912767
19860912768
19860912769
19860912760
19860912771
19860912772
19860912773
19860912774
19860912775
19860912776
19860912777
19860912778
19860912779
19860912770
19860912781
19860912782
19860912783
19860912784
19860912785
19860912786
19860912787
19860912788
19860912789
19860912780
19860912791
19860912792
19860912793
19860912794
19860912795
19860912796
19860912797
19860912798
19860912799
19860912790
19860912701
19860912702
19860912703
19860912704
19860912705
19860912706
19860912707
19860912708
19860912709
19860912700
19860912811
19860912812
19860912813
19860912814
19860912815
19860912816
19860912817
19860912818
19860912819
19860912810
19860912821
19860912822
19860912823
19860912824
19860912825
19860912826
19860912827
19860912828
19860912829
19860912820
19860912831
19860912832
19860912833
19860912834
19860912835
19860912836
19860912837
19860912838
19860912839
19860912830
19860912841
19860912842
19860912843
19860912844
19860912845
19860912846
19860912847
19860912848
19860912849
19860912840
19860912851
19860912852
19860912853
19860912854
19860912855
19860912856
19860912857
19860912858
19860912859
19860912850
19860912861
19860912862
19860912863
19860912864
19860912865
19860912866
19860912867
19860912868
19860912869
19860912860
19860912871
19860912872
19860912873
19860912874
19860912875
19860912876
19860912877
19860912878
19860912879
19860912870
19860912881
19860912882
19860912883
19860912884
19860912885
19860912886
19860912887
19860912888
19860912889
19860912880
19860912891
19860912892
19860912893
19860912894
19860912895
19860912896
19860912897
19860912898
19860912899
19860912890
19860912801
19860912802
19860912803
19860912804
19860912805
19860912806
19860912807
19860912808
19860912809
19860912800
19860912911
19860912912
19860912913
19860912914
19860912915
19860912916
19860912917
19860912918
19860912919
19860912910
19860912921
19860912922
19860912923
19860912924
19860912925
19860912926
19860912927
19860912928
19860912929
19860912920
19860912931
19860912932
19860912933
19860912934
19860912935
19860912936
19860912937
19860912938
19860912939
19860912930
19860912941
19860912942
19860912943
19860912944
19860912945
19860912946
19860912947
19860912948
19860912949
19860912940
19860912951
19860912952
19860912953
19860912954
19860912955
19860912956
19860912957
19860912958
19860912959
19860912950
19860912961
19860912962
19860912963
19860912964
19860912965
19860912966
19860912967
19860912968
19860912969
19860912960
19860912971
19860912972
19860912973
19860912974
19860912975
19860912976
19860912977
19860912978
19860912979
19860912970
19860912981
19860912982
19860912983
19860912984
19860912985
19860912986
19860912987
19860912988
19860912989
19860912980
19860912991
19860912992
19860912993
19860912994
19860912995
19860912996
19860912997
19860912998
19860912999
19860912990
19860912901
19860912902
19860912903
19860912904
19860912905
19860912906
19860912907
19860912908
19860912909
19860912900
19860912011
19860912012
19860912013
19860912014
19860912015
19860912016
19860912017
19860912018
19860912019
19860912010
19860912021
19860912022
19860912023
19860912024
19860912025
19860912026
19860912027
19860912028
19860912029
19860912020
19860912031
19860912032
19860912033
19860912034
19860912035
19860912036
19860912037
19860912038
19860912039
19860912030
19860912041
19860912042
19860912043
19860912044
19860912045
19860912046
19860912047
19860912048
19860912049
19860912040
19860912051
19860912052
19860912053
19860912054
19860912055
19860912056
19860912057
19860912058
19860912059
19860912050
19860912061
19860912062
19860912063
19860912064
19860912065
19860912066
19860912067
19860912068
19860912069
19860912060
19860912071
19860912072
19860912073
19860912074
19860912075
19860912076
19860912077
19860912078
19860912079
19860912070
19860912081
19860912082
19860912083
19860912084
19860912085
19860912086
19860912087
19860912088
19860912089
19860912080
19860912091
19860912092
19860912093
19860912094
19860912095
19860912096
19860912097
19860912098
19860912099
19860912090
19860912001
19860912002
19860912003
19860912004
19860912005
19860912006
19860912007
19860912008
19860912009
19860912000
